   1.000000   1.000000 110.840716 -73.451089   1.449000   0.030000   0.030000   0.000000   0.000000   0.000000   0.000000   1.100000
   1.000000   1.000000 110.842959 -73.454848   1.449000   0.030000   0.030000   0.000000   0.000000   0.000000   0.000000   1.200000
   1.000000   1.000000 110.838998 -73.458801   1.449000   0.030000   0.030000   0.000000   0.000000   0.000000   0.000000   1.300000
   2.000000   1.000000 110.831988 -73.455213   1.991000   0.030000   0.030000   0.000000   0.000000   0.000000   0.000000   2.100000
   2.000000   1.000000 110.825431 -73.459787   1.991000   0.030000   0.030000   0.000000   0.000000   0.000000   0.000000   2.200000
   2.000000   1.000000 110.823375 -73.454851   1.991000   0.030000   0.030000   0.000000   0.000000   0.000000   0.000000   2.300000
   2.000000   1.000000 110.830471 -73.448648   1.991000   0.030000   0.030000   0.000000   0.000000   0.000000   0.000000   2.400000
   3.000000   1.000000 110.838713 -73.451062   1.378000   0.400000   0.400000   0.000000   0.000000   0.000000   0.000000   3.100000
   3.000000   1.000000 110.836498 -73.458828   1.378000   0.400000   0.400000   0.000000   0.000000   0.000000   0.000000   3.200000
   3.000000   1.000000 110.840735 -73.455227   1.378000   0.400000   0.400000   0.000000   0.000000   0.000000   0.000000   3.300000
   4.000000   1.000000 110.805221 -73.454654   2.211000   0.030000   0.030000   0.000000   0.000000   0.000000   0.000000   4.100000
   4.000000   1.000000 110.813268 -73.448802   2.211000   0.030000   0.030000   0.000000   0.000000   0.000000   0.000000   4.200000
   4.000000   1.000000 110.807006 -73.458445   2.211000   0.030000   0.030000   0.000000   0.000000   0.000000   0.000000   4.300000
   5.000000   1.000000 110.823896 -73.451901   1.425000   0.030000   0.030000   0.000000   0.000000   0.000000   0.000000   5.100000
   5.000000   2.000000 110.823781 -73.451973   1.425000   0.030000   0.030000   0.000000   0.000000   0.000000   0.000000   5.1b0000
   5.000000   3.000000 110.823341 -73.452255   1.425000   0.030000   0.030000   0.000000   0.000000   0.000000   0.000000   5.1c0000
   5.000000   4.000000 110.823545 -73.452240   1.425000   0.030000   0.030000   0.000000   0.000000   0.000000   0.000000   5.1d0000
   5.000000   5.000000 110.824100 -73.451733   1.425000   0.030000   0.030000   0.000000   0.000000   0.000000   0.000000   5.1e0000
   5.000000   1.000000 110.822348 -73.452792   1.425000   0.030000   0.030000   0.000000   0.000000   0.000000   0.000000   5.200000
   5.000000   2.000000 110.822525 -73.452686   1.425000   0.030000   0.030000   0.000000   0.000000   0.000000   0.000000   5.2b0000
   5.000000   3.000000 110.823286 -73.452294   1.425000   0.030000   0.030000   0.000000   0.000000   0.000000   0.000000   5.2c0000
   5.000000   4.000000 110.823375 -73.452335   1.425000   0.030000   0.030000   0.000000   0.000000   0.000000   0.000000   5.2d0000
   5.000000   5.000000 110.821915 -73.452985   1.425000   0.030000   0.030000   0.000000   0.000000   0.000000   0.000000   5.2e0000
   5.000000   1.000000 110.820931 -73.460219   1.425000   0.100000   0.100000   0.000000   0.000000   0.000000   0.000000   5.300000
   6.000000   1.000000 110.820882 -73.450759   1.382500   0.030000   0.030000   0.000000   0.000000   0.000000   0.000000   6.100000
   6.000000   1.000000 110.816370 -73.453598   1.382500   0.030000   0.030000   0.000000   0.000000   0.000000   0.000000   6.200000
   6.000000   1.000000 110.817302 -73.459011   1.382500   0.030000   0.030000   0.000000   0.000000   0.000000   0.000000   6.300000
   7.000000   1.000000 110.795612 -73.448656   5.173000   0.030000   0.030000   0.000000   0.000000   0.000000   0.000000   7.100000
   7.000000   1.000000 110.794646 -73.449166   5.173000   0.030000   0.030000   0.000000   0.000000   0.000000   0.000000   7.200000
   7.000000   1.000000 110.799476 -73.447124   5.173000   0.100000   0.100000   0.000000   0.000000   0.000000   0.000000   7.300000
