	977    110.681786    -73.498484  19.636275   0.118194     60.294850
       3178    110.786389    -73.488238  22.058752   0.545210     14.126089
       3659    110.773224    -73.486481  23.483850   0.521698    -18.745559
       3943    110.791101    -73.485956  24.939444   0.081756      5.754735
       4006    110.761437    -73.486016  19.282376   0.187596     23.187535
       4758    110.786766    -73.483284  19.744293   0.129602     76.599337
       4811    110.781075    -73.482970  20.295323   0.221819    -39.649935
       5502    110.804843    -73.480798  19.262561   0.116715     54.255083
       5515    110.805682    -73.483070  23.436403   0.195082    -19.705163
       5557    110.850161    -73.480093  22.303754   0.179304     58.853855
       5620    110.795299    -73.480008  20.740200   0.092595     -6.812836
       5690    110.813934    -73.479455  24.594129   0.088297     71.292206
       5786    110.772635    -73.479480  21.109897   0.062061    -64.746264
       5979    110.786644    -73.478503  24.627703   0.104508    -24.681749
       6181    110.795710    -73.478565  21.267277   0.287833    -41.794266
       6669    110.773073    -73.476856  21.987681   0.059828    -86.510595
       7386    110.860887    -73.475191  19.537167   0.348178     30.039657
       7389    110.866474    -73.476433  20.369912   0.127074     39.042162
       7479    110.853620    -73.474554  25.698863   0.124315     83.041321
       7481    110.853604    -73.474411  24.513837   0.148360    -54.360176
       7599    110.784155    -73.474010  24.884531   0.064319    -47.823632
       7830    110.827792    -73.474635  21.419230   0.391020    -48.994738
       7913    110.775146    -73.473360  22.006823   0.312702     15.959386
       8230    110.773723    -73.472136  24.949880   0.036616     84.315387
       8281    110.783185    -73.472208  21.092189   0.015245    -32.328378
       8343    110.816027    -73.474736  22.895010   0.140614     56.502286
       8344    110.815682    -73.474461  21.870547   0.169419    -15.418637
       8352    110.803478    -73.474056  22.798004   0.153810    -18.924499
       8390    110.836553    -73.471652  24.893691   0.275395    -49.956805
       8451    110.764216    -73.471714  20.867346   0.129652    -84.511520
       8453    110.764246    -73.472367  21.283990   0.278760    -27.067515
       8496    110.813964    -73.471198  24.664478   0.015962     87.644035
       8531    110.825366    -73.471808  20.526804   0.058889    -60.309959
       8609    110.747008    -73.471326  20.856545   0.065263     89.763232
       8808    110.740620    -73.470215  24.641720   0.297349    -45.765867
       8879    110.752805    -73.469820  24.771628   0.136381    -21.447693
       8950    110.800516    -73.470053  25.392678   0.157289    -76.089589
       8951    110.801374    -73.470028  21.945481   0.057188    -64.655994
       8952    110.801022    -73.470480  24.296261   0.207456    -59.313389
       8953    110.800179    -73.470391  23.647292   0.025536    -65.593075
       9106    110.867319    -73.469446  21.559861   0.307926     80.553046
       9143    110.852753    -73.471257  22.095594   0.386783     69.017777
       9149    110.847766    -73.470939  20.891241   0.434533    -33.456194
       9153    110.858910    -73.469306  21.254202   0.162360     -8.383650
       9172    110.829030    -73.469271  21.158039   0.082267    -42.343685
       9271    110.779515    -73.468678  24.050817   0.039933    -34.290494
       9349    110.797043    -73.468447  24.428255   0.264253    -44.438144
       9368    110.850527    -73.468534  22.683264   0.021120     81.718763
       9456    110.769982    -73.469106  18.944168   0.127821     77.073030
       9457    110.736139    -73.468674  22.376247   0.153001    -78.678258
       9464    110.749806    -73.468332  21.036841   0.083179    -57.033283
       9594    110.743341    -73.467828  22.678184   0.435612     30.528068
       9595    110.742867    -73.468272  23.994105   0.053068    -40.315868
       9708    110.861976    -73.467594  22.185461   0.089552    -87.142008
       9941    110.760790    -73.466634  23.347017   0.036518    -82.315297
      10030    110.810916    -73.466856  20.577774   0.156610     87.820003
      10348    110.778178    -73.465940  21.136584   0.183977    -85.413529
      10349    110.777300    -73.465729  21.354965   0.316342    -63.780742
      10377    110.752932    -73.466849  25.348813   0.359721    -48.180940
      10440    110.820434    -73.465198  22.701683   0.433565    -18.717928
      10451    110.888836    -73.465313  22.234935   0.059742    -59.730382
      10495    110.898391    -73.465793  23.825297   0.054588     68.366039
      10502    110.810201    -73.464946  25.319311   0.166962    -88.565285
      10600    110.769477    -73.464816  21.867885   0.068942    -24.825560
      10842    110.830324    -73.464042  21.066939   0.240499    -21.997775
      10844    110.834649    -73.464391  20.768044   0.034951    -43.827004
      10923    110.783952    -73.463542  23.123776   0.319755     59.658984
      10997    110.793306    -73.464901  23.302172   0.336628    -68.886094
      11039    110.754048    -73.463316  23.121284   0.204951    -83.406154
      11074    110.809959    -73.463120  22.795694   0.109443    -55.746921
      11220    110.848867    -73.463071  21.511938   0.267601    -32.348591
      11348    110.772444    -73.462459  23.867471   0.035045     79.261348
      11434    110.865286    -73.462122  21.246934   0.075690    -82.938776
      11618    110.768928    -73.461843  20.081979   0.114372    -13.794322
      11735    110.858001    -73.466454  20.674211   0.083646     19.311599
      11736    110.858934    -73.466217  22.600808   0.133744     43.551311
      11737    110.873707    -73.464733  22.275241   0.192316     -2.015744
      11739    110.861724    -73.466432  23.696852   0.078705     15.874480
      11750    110.867615    -73.464141  20.381899   0.067966    -86.565654
      11751    110.861987    -73.464640  21.481913   0.095883    -33.701631
      11818    110.763846    -73.460948  25.014707   0.034399    -50.243035
      11820    110.778366    -73.461061  25.416445   0.005434     -5.579193
      11865    110.785144    -73.460984  22.695065   0.010762    -33.072907
      11982    110.829368    -73.460556  24.125926   0.021941    -16.583224
      12052    110.836248    -73.460349  23.686587   0.024020     -1.617247
      12078    110.914202    -73.460127  23.555202   0.076322    -73.776133
      12197    110.869001    -73.459742  24.305957   0.013053    -35.289520
      12242    110.748865    -73.459754  22.402735   0.075454    -88.679402
      12521    110.865724    -73.459070  22.305947   0.362775     78.990601
      12522    110.864779    -73.459068  21.598127   0.086121     73.991111
      12523    110.863798    -73.459619  22.916650   0.050485    -68.420830
      12576    110.835162    -73.459110  24.954869   0.012491     27.670150
      12601    110.875582    -73.459444  24.274001   0.143444    -58.689926
      12641    110.855910    -73.458967  21.741327   0.092266     77.858419
      12642    110.856826    -73.458872  21.389690   0.116303    -76.238115
      12644    110.848917    -73.460408  20.574457   0.168126    -87.043165
      12646    110.855750    -73.460579  23.024258   0.257875     13.671778
      12779    110.858710    -73.457964  24.420099   0.024386    -58.709917
      12860    110.839995    -73.457763  22.986177   0.058769     63.109706
      13091    110.747370    -73.458255  24.651965   0.123985    -60.188899
      13096    110.748470    -73.458866  21.780033   0.052359    -63.002450
      13101    110.859088    -73.457007  23.027805   0.441802    -10.589381
      13120    110.770479    -73.457073  22.892268   0.139377     44.090583
      13133    110.815546    -73.456885  24.183005   0.030815    -26.427261
      13151    110.796724    -73.457271  20.962337   0.048674    -37.933284
      13188    110.918515    -73.456615  23.049346   0.006557    -82.131571
      13247    110.909473    -73.459749  19.097924   0.138657    -44.962534
      13250    110.909088    -73.460488  24.489632   0.192931    -86.825335
      13257    110.853254    -73.456759  21.043698   0.293461     88.995538
      13287    110.808710    -73.457256  23.175617   0.059810      7.483935
      13300    110.778842    -73.458889  22.454377   0.126246      3.406213
      13301    110.780227    -73.457010  20.811937   0.137150    -71.501301
      13302    110.781100    -73.456672  22.576178   0.325314     66.381408
      13310    110.729679    -73.456899  19.094844   0.073760    -81.037515
      13333    110.862442    -73.456456  21.473277   0.077418    -14.431843
      13344    110.859559    -73.456185  23.336545   0.023669    -27.430138
      13348    110.742238    -73.456387  22.213160   0.105581    -88.554400
      13478    110.855906    -73.455837  20.986001   0.144426     17.339920
      13530    110.907852    -73.455560  23.793987   0.323507    -29.865292
      13582    110.872666    -73.456618  24.579058   0.098264     -3.370958
      13583    110.875191    -73.457174  19.351775   0.280612     77.477772
      13627    110.895313    -73.455358  22.662214   0.046242     48.006445
      13628    110.891987    -73.456318  24.232857   0.163384     46.090435
      13833    110.915774    -73.454909  19.541604   0.099855      9.431216
      13963    110.890310    -73.454980  22.677222   0.358796    -83.028212
      13972    110.868971    -73.454440  21.114613   0.609996     71.483491
      13974    110.867362    -73.454308  23.182347   0.040256     42.069074
      14034    110.850352    -73.453789  22.893697   0.043259    -44.855004
      14076    110.920980    -73.453503  25.852936   0.192134     49.125267
      14078    110.920928    -73.453583  26.477313   0.192134     49.125267
      14095    110.763723    -73.453433  26.709553   0.027919      7.729855
      14156    110.759051    -73.455825  19.653186   0.126015      7.397030
      14167    110.760802    -73.454251  20.090338   0.326241    -34.654029
      14170    110.754880    -73.454559  24.328865   0.011108     78.040891
      14217    110.733463    -73.453149  23.802354   0.066789    -55.550456
      14286    110.782532    -73.453111  24.492706   0.352686    -76.224687
      14324    110.813528    -73.453656  23.858098   0.171066     52.768219
      14342    110.920610    -73.452825  22.409087   0.082512    -36.966656
      14358    110.750832    -73.452653  26.711869   0.038667    -61.512339
      14401    110.816880    -73.453002  24.241368   0.006633     82.843310
      14479    110.917012    -73.452630  20.141516   0.361599     61.956510
      14515    110.800157    -73.452782  22.583465   0.165327     13.614694
      14517    110.798229    -73.452360  22.952250   0.058335    -38.200378
      14543    110.778691    -73.452665  21.959038   0.117308     53.220972
      14546    110.777111    -73.452959  24.259055   0.256902    -24.622347
      14604    110.855847    -73.452049  23.118749   0.112812    -14.011074
      14617    110.817306    -73.452059  24.093811   0.017206     69.770230
      14654    110.749608    -73.452227  24.373960   0.100800     46.323960
      14655    110.748398    -73.451882  23.889323   0.050360     -4.136059
      14680    110.778309    -73.451747  24.114516   0.021203    -57.212303
      14696    110.758857    -73.451925  21.304083   0.030711    -42.033714
      14838    110.802624    -73.458767  20.447991   0.061682    -36.763205
      14843    110.804650    -73.456243  20.974714   0.098686     68.091722
      14851    110.804609    -73.452110  23.698649   0.036688    -24.818121
      14946    110.923396    -73.450800  25.346288   0.041043    -12.929252
      14958    110.816279    -73.451290  21.582493   0.039220     29.283787
      15024    110.801730    -73.450771  25.672085   0.101220    -48.870617
      15130    110.781706    -73.450405  23.932152   0.224381     45.039213
      15151    110.739927    -73.450381  23.532363   0.302427    -58.337910
      15216    110.893513    -73.450316  22.231200   0.211852    -82.701587
      15233    110.860832    -73.450239  24.839597   0.404977     68.570352
      15234    110.860097    -73.450259  22.735301   0.103002     61.929252
      15260    110.755542    -73.450066  22.266432   0.018428    -34.033704
      15311    110.811851    -73.449901  22.710659   0.010972    -78.764762
      15324    110.867664    -73.451018  21.433870   0.125729     67.167251
      15326    110.869761    -73.450145  20.663090   0.050018    -33.540929
      15360    110.889723    -73.449878  22.506535   0.019861     61.867222
      15386    110.855177    -73.450289  20.477318   0.106942    -47.549317
      15387    110.853988    -73.450159  19.351671   0.080709    -35.265195
      15388    110.856402    -73.450794  21.466457   0.005775    -75.690484
      15419    110.923678    -73.449563  19.152603   0.084080     12.083794
      15521    110.924619    -73.448711  23.627034   0.238070    -59.895504
      15539    110.890743    -73.448593  25.413515   0.094829    -17.188177
      15589    110.860114    -73.448530  23.391121   0.043620     84.096652
      15621    110.926414    -73.448401  22.403904   0.050078     89.206022
      15701    110.739400    -73.447804  23.094661   0.112557    -17.735955
      15726    110.772998    -73.450446  19.898584   0.190321     35.143508
      15729    110.771706    -73.449994  22.432192   0.161601    -43.896871
      15732    110.786229    -73.448293  21.873517   0.087552     -5.671911
      15744    110.897774    -73.447765  24.357588   0.073904     14.548621
      15769    110.892561    -73.447578  24.707140   0.113777     49.847833
      15863    110.916406    -73.448039  23.674425   0.160273    -14.973580
      15981    110.874904    -73.447002  22.986246   0.147680    -59.846492
      16074    110.927324    -73.446529  22.368134   0.043068     12.686338
      16083    110.862801    -73.447852  21.834437   0.008650     88.101768
      16086    110.852548    -73.446563  25.049514   0.027514     88.254987
      16238    110.872128    -73.448067  20.922181   0.261452     26.695231
      16241    110.868666    -73.446565  21.602638   0.011704     44.062350
      16277    110.756773    -73.446084  21.032311   0.240934    -64.723558
      16317    110.816626    -73.445685  24.286759   0.092388     15.502595
      16332    110.860506    -73.445541  24.948640   0.071574    -86.967563
      16407    110.917128    -73.445198  24.094174   0.036147    -86.873525
      16414    110.778943    -73.445399  22.690996   0.002338     70.840502
      16428    110.865793    -73.445156  24.532586   0.036996    -76.378479
      16446    110.754816    -73.445307  22.840306   0.184737     45.874062
      16468    110.893243    -73.445962  22.325957   0.138063    -76.944242
      16470    110.894295    -73.446707  23.715524   0.218030     29.710747
      16471    110.895148    -73.446700  22.564122   0.116569     18.284543
      16472    110.896281    -73.445480  24.424917   0.221511     24.909044
      16513    110.852362    -73.445207  23.165201   0.152235    -52.121156
      16633    110.886859    -73.444308  24.865978   0.011995    -12.409775
      16708    110.811000    -73.444341  22.968816   0.083442     -2.224812
      16766    110.908899    -73.444565  22.854180   0.153413      0.240254
      16793    110.794310    -73.444320  20.922847   0.165809    -81.665299
      16827    110.804335    -73.444179  22.980885   0.174956     70.717911
      16828    110.804237    -73.444112  23.446632   0.174956     70.717911
      16863    110.915172    -73.443569  22.947746   0.198717    -55.908658
      16893    110.772714    -73.443573  23.313790   0.176387    -72.653169
      16896    110.881472    -73.444228  24.890820   0.103587     -6.601288
      16899    110.881505    -73.443438  24.086349   0.297863     63.976312
      16944    110.901924    -73.443221  24.150708   0.145501     75.699057
      16988    110.840383    -73.443550  21.218839   0.034659    -12.192770
      16989    110.839144    -73.443374  24.039521   0.294672    -60.723710
      17046    110.886556    -73.442862  21.431202   0.227183    -44.458529
      17126    110.804414    -73.442439  25.710042   0.106586    -63.969414
      17133    110.782149    -73.442817  21.866376   0.060003    -55.487605
      17236    110.921032    -73.441701  24.281315   0.031954     -1.794189
      17389    110.777110    -73.442383  21.263597   0.141973    -63.113593
      17475    110.806925    -73.441057  22.099137   0.004395     87.068223
      17503    110.851304    -73.443285  21.860343   0.189878    -32.809316
      17505    110.856658    -73.441333  19.379693   0.249879     60.645089
      17508    110.852774    -73.441684  23.276652   0.208760     -6.173648
      17525    110.824543    -73.440720  23.737340   0.124460     -0.326738
      17561    110.864648    -73.440386  25.031323   0.283492    -46.428876
      17618    110.877280    -73.440096  24.701845   0.201076     31.303219
      17666    110.924844    -73.439879  23.286815   0.223891    -21.889391
      17688    110.818395    -73.454708  19.063005   0.098434    -21.907796
      17690    110.826598    -73.455068  20.202640   0.229114    -23.147374
      17691    110.826964    -73.454732  17.762521   0.128258      3.678028
      17693    110.825351    -73.454649  20.897019   0.043673    -36.504182
      17694    110.818674    -73.455316  19.257551   0.322149     87.201644
      17695    110.836990    -73.456612  20.600320   0.146040     80.720456
      17696    110.837764    -73.456278  20.037288   0.045016    -50.120594
#      17702    110.800773    -73.448617  18.388172   0.061701    -48.065817
      17707    110.821461    -73.454641  20.219944   0.053955      1.518599
      17709    110.840708    -73.440719  21.144699   0.042486     66.657645
      17710    110.840251    -73.455972  19.493477   0.007103     20.563430
      17712    110.824535    -73.460001  21.136069   0.020192     -8.905922
      17714    110.832849    -73.457015  20.195101   0.153891     62.585622
      17715    110.832178    -73.456611  23.886059   0.018017    -54.611236
      17719    110.828231    -73.443318  21.438615   0.116480    -44.507363
      17722    110.824774    -73.450104  21.483753   0.125214    -60.196272
#      17725    110.792726    -73.447727  18.247674   0.080785    -16.060361
      17727    110.817548    -73.456051  22.692691   0.130380    -24.148389
      17732    110.805078    -73.449563  21.102453   0.148174     33.163095
      17735    110.826753    -73.453137  21.245447   0.005946     61.836483
      17739    110.825870    -73.458789  19.588168   0.195222     50.756241
      17740    110.844751    -73.456703  22.669531   0.173229      2.598171
      17745    110.834118    -73.444004  22.896845   0.049104    -79.408017
      17750    110.838791    -73.452789  22.269998   0.087019    -38.814563
      17751    110.837405    -73.452498  23.057888   0.032138    -35.924492
      17756    110.817240    -73.449516  21.978309   0.087290    -51.741392
      17757    110.818561    -73.448365  21.683516   0.032100    -34.603760
      17759    110.792212    -73.446484  23.812347   0.037737     67.347223
      17766    110.837966    -73.453695  21.042356   0.174447    -30.743457
      17772    110.825551    -73.445201  24.295252   0.076494    -60.664963
      17774    110.845793    -73.451434  19.806065   0.028988    -19.935788
      17862    110.776920    -73.439931  23.272422   0.344622    -83.876237
      18032    110.776637    -73.438869  23.780827   0.334432    -17.603053
      18038    110.864309    -73.439625  22.708202   0.316187    -17.587088
      18039    110.865208    -73.439498  24.814957   0.095550      1.372823
      18040    110.864798    -73.439237  22.848798   0.209027     28.895895
      18143    110.790216    -73.439288  22.862454   0.271863     34.482741
      18145    110.791336    -73.438855  24.588409   0.135022      1.761222
      18177    110.786370    -73.438272  25.037862   0.167951     61.471732
      18247    110.767114    -73.438063  22.403476   0.086141    -29.464822
      18348    110.853306    -73.437944  24.252891   0.106293    -72.917021
      18437    110.878957    -73.437555  22.442941   0.025285     79.070257
      18473    110.829451    -73.437186  24.125313   0.286127    -73.388775
      18573    110.885113    -73.436728  23.549147   0.567826    -12.151171
      18680    110.914592    -73.436459  23.004754   0.135136     86.924631
      18899    110.806418    -73.435869  24.588838   0.304873     61.060224
      18948    110.896035    -73.435102  23.543766   0.039983    -54.492364
      19004    110.772982    -73.435157  20.300154   0.306640    -53.269651
      19014    110.838691    -73.435363  23.674991   0.100716    -82.578239
      19018    110.837703    -73.437025  22.053781   0.065015     43.809808
      19020    110.836037    -73.437441  23.326072   0.187276    -81.656925
      19079    110.810561    -73.435639  21.940158   0.412123     26.707061
      19080    110.809747    -73.435587  22.660589   0.156477    -65.253971
      19234    110.897685    -73.434093  21.994864   0.184758    -83.921577
      19288    110.829937    -73.434067  20.710844   0.053001    -32.712366
      19297    110.839412    -73.433495  24.865645   0.062657     77.986247
      19329    110.887971    -73.433655  23.163465   0.147164     60.745157
      19344    110.924762    -73.434247  19.122184   0.230266     88.062040
      19440    110.789694    -73.433224  21.357793   0.040866     42.581612
      19559    110.831484    -73.432505  23.761674   0.238283     60.088037
      19781    110.875197    -73.432172  19.773086   0.167625     74.477765
      19848    110.916059    -73.431118  24.133942   0.066735    -61.937013
      20195    110.791834    -73.429363  23.873571   0.179488    -42.643806
      20196    110.791486    -73.429270  23.056422   0.117593    -23.924785
      20263    110.888075    -73.428699  25.060309   0.052356    -73.688329
      20328    110.900323    -73.431148  23.572387   0.289931    -38.340266
      20365    110.908290    -73.428958  21.183345   0.218361    -79.410232
      20545    110.861465    -73.427361  26.009242   0.123977      6.756498
      20693    110.894008    -73.428269  20.471235   0.007472    -83.430991
      20715    110.900873    -73.427155  20.753652   0.074875    -55.802765
      20877    110.885462    -73.425609  26.315472   0.021164     41.445427
      20891    110.873865    -73.425680  23.421803   0.113328    -21.525915
      21097    110.848905    -73.425887  21.894884   0.147079    -47.419807
      21099    110.850056    -73.425188  19.005849   0.073132     31.715693
      21103    110.835539    -73.430554  18.163580   0.512428    -50.759685
      21122    110.846683    -73.427769  21.590934   0.144389     28.680897
      21315    110.882898    -73.424894  18.866509   0.075172    -55.725901
      21344    110.894623    -73.421998  22.438321   0.260711    -32.826452
      21816    110.878867    -73.417597  18.678827   0.133782     13.959843