#REFERENCE 0 342.1832133 -44.530896751
9749 342.20627099 -44.512071415 1.07501976 0.7281932400000001 -39.09 18.27060939178818 0.0 0.0 0.0 
10037 342.17638951 -44.511427135 1.02517416 0.50101128 -179.25 18.605199813842773 21.623168543036414 2.0561101 0.0 
5600 342.17547545 -44.535477996 1.07330796 0.57113424 -100.07 18.709999084472656 0.0 0.0 0.0 
8943 342.20518527 -44.517179884 1.38688524 0.29421633599999997 -132.84 18.75550079345703 21.244329914050294 1.6114559 0.0 
7754 342.19551405 -44.526023482 0.58855464 0.52264224 -84.35 19.01 19.57713618427962 0.0 238.24818898490747 
4870 342.20196873 -44.540297366 0.8333766 0.65021976 -41.91 19.01219940185547 21.033062387074633 1.2990481 0.0 
5385 342.17702809 -44.536964591 0.6249438 0.54050472 -48.57 19.13 18.8659217674578 0.0 139.19763279743788 
3 342.216205 -44.518392 0.800000011920929 0.699999988079071 -22.1 19.16866 0.0 0.0 0.0 
9618 342.20302169 -44.514966551 0.75728412 0.42270048 -150.28 19.24839973449707 20.34417061684525 0.848412 0.0 
10196 342.17511846 -44.510553327 0.64980036 0.45411695999999996 -127.29 19.3705997467041 20.404263615402087 0.82449 0.0 
7691 342.18427157 -44.528069153 0.60170796 0.298267596 -12.690002 19.4402 19.37582922153751 0.0 129.13002371818433 
9043 342.18540541 -44.5186496 0.70397568 0.319025196 -128.28 19.48 18.38361534611958 0.0 242.44045340797362 
6958 342.16193077 -44.529994281 1.01360232 0.60136884 -155.53 19.72760009765625 22.645179573713513 1.963218 0.0 
8873 342.21388371 -44.52062456 0.47154528 0.44598312 -103.45 19.76420021057129 19.734738569434324 0.5053128 0.0 
9378 342.19329445 -44.517851568 0.41678064000000004 0.228607308 -32.65 19.77 17.606812193114408 0.0 332.2615013517024 
9937 342.1801646 -44.513536832 0.65463516 0.303875676 -23.019997 19.807199478149414 19.782044551532998 0.50631595 0.0 
9874 342.16242212 -44.513325786 0.58765104 0.40978656 -60.059998 19.820899963378906 20.156398311007667 0.597795 0.0 
9682 342.1673045 -44.51395556 1.0358096399999999 0.39719736 -55.98 19.916500091552734 21.78610505080949 1.21164 0.0 
7997 342.18813078 -44.525983137 0.39765816 0.200061648 -119.65 19.94 17.705609923316356 0.0 275.6956818715666 
11009 342.23790572 -44.502997091 0.8360784 0.60556392 -72.51 19.95728244294886 0.0 0.0 0.0 
7239 342.18352502 -44.530087048 0.50724684 0.50724684 -177.68 20.03 19.251960760948506 0.0 199.85994319606613 
7330 342.18814007 -44.529746754 0.36542052 0.257478984 -135.11 20.1 18.241316428517123 0.0 172.96207686562056 
6072 342.18436747 -44.536214722 0.56836332 0.317636784 -2.7799988 20.12 19.78666627568532 0.0 148.37501123234506 
8647 342.20464619 -44.521719562 0.57389076 0.40908492 -79.4 20.2450008392334 21.64644578425354 0.97665596 0.0 
5036 342.18887136 -44.540359341 0.8674372800000001 0.437706 -144.29001 20.27 20.65722990473333 0.0 134.69416034762193 
7397 342.18291957 -44.530478381 0.348395184 0.189505548 -13.980003 20.31 17.819847400961283 0.0 288.92183788576125 
6638 342.15716943 -44.532695408 0.50536836 0.313955928 -62.11 20.312599182128906 20.482133734172823 0.5538084 0.0 
6784 342.17902251 -44.532798511 0.283918608 0.22838709599999998 -115.2 20.32 17.774870367447374 0.0 260.2013727292666 
63 342.215185 -44.518579 0.800000011920929 0.6000000238418579 -155.5 20.32249 0.0 0.0 0.0 
4555 342.16147954 -44.544755899 0.129075804 0.124199388 -118.51 20.347700119018555 14.30583465888898 0.03170148 0.0 
8042 342.20029678 -44.525229135 0.5820274799999999 0.276095484 -78.58 20.38 19.83567783268929 0.0 125.1680035597136 
8627 342.19726776 -44.523297739 0.34434486 0.24358057199999997 -172.95999 20.39 18.687886590393088 0.0 170.21531945896265 
39 342.1891614 -44.5295589 0.397 0.397 -140.9 20.4 18.79030418395996 0.0 173.1564455157164 
6415 342.21121685 -44.534131615 0.42655248 0.284691672 -94.62 20.408700942993164 19.958124618513917 0.4162338 0.0 
52 342.193301 -44.526448 0.4000000059604645 0.20000000298023224 -77.6 20.43 18.33575439453125 0.0 159.7685912804161
8051 342.15216059 -44.521693598 0.9481222800000001 0.91445688 -126.03 20.446213884693414 0.0 0.0 0.0 
7951 342.18405838 -44.526952796 0.3850092 0.24793833599999998 -38.44 20.45 19.423895768236935 0.0 109.07758370952881 
11651 342.14478319 -44.498027515 1.1004699599999999 0.262654884 -8.730003 20.47264692863325 0.0 0.0 0.0 
4854 342.17175486 -44.540565076 0.6189696 0.37307772 -97.72 20.48 20.72564292383615 0.0 105.18721288626013 
6075 342.16984688 -44.535563769 0.4306392 0.21207290399999998 -98.93 20.48 19.060753817073575 0.0 127.30206016201772 
7688 342.21800977 -44.525876246 0.36639036 0.214084548 -165.07 20.528678351211752 0.0 0.0 0.0 
8121 342.20848747 -44.5256494 0.353354328 0.22204961999999998 -75.979996 20.530500411987305 19.28817876831894 0.2890602 0.0 
8467 342.15972838 -44.52355187 0.37597032 0.216323856 -65.99 20.547100067138672 19.267665510823473 0.2841618 0.0 
8258 342.20416482 -44.525259959 0.5783936399999999 0.255511188 -168.19 20.55 19.147267175959914 0.0 146.92299945480505 
10668 342.17656343 -44.508451018 0.5224914 0.260988408 -149.23 20.65399932861328 20.798150039251247 0.5473722 0.0 
5057 342.18949987 -44.541304699 0.35241469200000003 0.25378704 -146.7 20.65559959411621 19.114656610167653 0.2519208 0.0 
3487 342.15046085 -44.549848374 0.52098552 0.51700212 -105.41 20.688027654176135 0.0 0.0 0.0 
2920 342.17696529 -44.55367574 0.76058316 0.31642613999999997 -156.84 20.700599670410156 22.47342021866626 1.158822 0.0 
7631 342.18678546 -44.527836325 0.34652786399999996 0.292597272 -77.03 20.71 19.62785454712666 0.0 108.1685823432632 
4425 342.19938455 -44.545458568 0.31426146 0.2295756 -165.86 20.740400314331055 19.19096944444626 0.250938 0.0 
10968 342.23474798 -44.503990313 0.68044032 0.36885816000000005 -86.3 20.79686255998257 0.0 0.0 0.0 
4702 342.18448298 -44.543204397 0.43152984 0.41107392 -117.56 20.81 20.63183729561523 0.0 109.8066650462904 
9620 342.19580066 -44.516274024 0.27898999199999996 0.238574016 -144.91 20.814300537109375 18.153799316537384 0.15043621 0.0 
11473 342.18597275 -44.497551184 0.93380256 0.79672032 -69.89 20.81664069962021 0.0 0.0 0.0 
4012 342.20835135 -44.54738495 0.303270408 0.211865616 -112.45 20.845199584960938 19.410496777914126 0.26455262 0.0 
6123 342.16714695 -44.534703053 0.74617704 0.23493175199999997 -132.15 20.8829 21.53653769013123 0.0 79.09804076434246 
6697 342.1764525 -44.533680761 0.28108796399999997 0.1986993 -146.47 20.89 18.50579379615693 0.0 199.61069506236316 
54 342.176946 -44.534135 0.5 0.5 -76.7 20.90307 0.0 0.0 0.0 
8696 342.18664874 -44.522503075 0.3315897 0.196153668 -108.19 20.91 18.499787851861395 0.0 156.60488378591438 
6290 342.18692351 -44.535391677 0.31948646399999997 0.28603958399999996 -167.72 20.93 19.70107754132028 0.0 111.61670304554906 
2211 342.14417728 -44.558425973 0.46286928000000005 0.339280524 -143.45 20.945438511318795 0.0 0.0 0.0 
6929 342.17792694 -44.532409768 0.29828484 0.22671550799999998 -4.330002 20.98 19.017398251848252 0.0 130.1790826917832 
7667 342.14916636 -44.527427327 0.55775736 0.4191822 -99.03 21.042200088500977 21.589219135533064 0.658956 0.0 
5188 342.18664837 -44.5407764 0.280630476 0.249790824 -156.87 21.06 18.7268897259819 0.0 151.55721022255756 
4584 342.16162753 -44.543749352 0.41689728000000004 0.24032030399999998 -83.3 21.077800750732422 20.085774548162565 0.324375 0.0 
8328 342.22334611 -44.52132767 1.0180746 0.47899295999999997 -82.65 21.087560006698773 0.0 0.0 0.0 
2982 342.21299876 -44.553614048 0.78877548 0.321303744 -176.72 21.10449121834528 0.0 0.0 0.0 
10828 342.18694809 -44.506985962 0.40151267999999996 0.35206038 -39.35 21.174100875854492 20.818490291089635 0.434841 0.0 
6564 342.19133863 -44.534352003 0.26097803999999997 0.202680648 -157.95 21.18 17.79577666442857 0.0 231.4709331034144 
8473 342.17794297 -44.524083252 0.44372988 0.222207588 -149.86 21.19 20.050328789603984 0.0 50.49370186574582 
8733 342.17961751 -44.523074601 0.288524016 0.165483468 -168.17 21.22 18.86149212312373 0.0 69.47871930828835 
1389 342.21965867 -44.565451167 0.42743736 0.383193 -53.63 21.238100435390198 0.0 0.0 0.0 
5792 342.1768501 -44.537550006 0.300294072 0.274937868 -41.01 21.25 19.64027927053953 0.24406667 0.0 
4799 342.20378643 -44.542223828 0.6641233200000001 0.5266908 -75.22 21.26580047607422 22.05643457035626 0.73719 0.0 
8326 342.18901157 -44.524716222 0.328574808 0.31650062399999995 -139.70999 21.31 22.57528025323581 0.0 83.93259799273973 
5763 342.21680854 -44.537844164 0.47334600000000004 0.24454648800000003 -32.45 21.3572998046875 21.54799600684692 0.5592318 0.0 
6326 342.16659758 -44.534837739 0.317270376 0.214068672 -141.41 21.39 18.482117197640008 0.0 128.82019181114734 
6649 342.17490992 -44.534154403 0.286637112 0.159824556 -163.37 21.39 18.41529725502735 0.0 141.20728300467556 
61 342.182741 -44.531395 0.5 0.5 -37.3 21.39337 0.0 0.0 0.0 
5264 342.18202955 -44.540383028 0.330447564 0.306643392 -73.0 21.4 19.67892166307808 0.0 111.71964759131532 
4211 342.18561728 -44.546315595 0.36909828 0.312743412 -170.34 21.40760040283203 20.8283512924931 0.39228597 0.0 
3400 342.16803024 -44.551124456 0.37116180000000004 0.30787452 -22.019997 21.415199279785156 21.357904485918915 0.4988772 0.0 
7813 342.17937219 -44.527928241 0.51336 0.231339132 -164.35 21.4421 21.74105214566015 0.0 62.49614459432667 
11916 342.22146776 -44.494232892 0.24377813999999998 0.15474538799999998 -89.94 21.44935008700922 0.0 0.0 0.0 
5725 342.19297237 -44.537963065 0.38302452 0.24878545200000002 -145.14 21.45840072631836 20.636069176856758 0.35074082 0.0 
6730 342.14631711 -44.53097788 0.9218030399999999 0.297946116 -139.74 21.503045293481993 0.0 0.0 0.0 
9199 342.22023298 -44.517875032 0.7330561200000001 0.3054186 -40.48 21.504651332073713 0.0 0.0 0.0 
6193 342.1391339 -44.536089046 0.72779796 0.25761754800000003 -6.010002 21.519908633839243 0.0 0.0 0.0 
7833 342.22054355 -44.525940609 0.6594073199999999 0.57158244 -170.2 21.528485448572034 0.0 0.0 0.0 
12040 342.18101696 -44.49107329 0.42723288 0.30972164399999996 -141.01 21.53758749269562 0.0 0.0 0.0 
7640 342.21147242 -44.525634384 0.80311392 0.57276432 -145.22 21.576161854878908 0.0 0.0 0.0 
11241 342.21664007 -44.502630645 0.41736096 0.359918568 -31.970001 21.586111466746914 0.0 0.0 0.0 
5334 342.1965841 -44.539991015 0.3760524 0.35864676 -53.06 21.605300903320312 21.462644705456047 0.4796466 0.0 
6038 342.22793616 -44.535255933 0.93543264 0.3327777 -19.349998 21.60681545946499 0.0 0.0 0.0 
6834 342.17367715 -44.532793141 0.340517052 0.203554332 -60.86 21.61 20.25606631446872 0.0 74.33098690051735 
8323 342.21309256 -44.524715054 0.35086716 0.304298568 -79.99 21.61840057373047 20.71183844334304 0.3373962 0.0 
8874 342.2213569 -44.520001159 0.68125572 0.5168912400000001 -141.03 21.675411360132088 0.0 0.0 0.0 
5114 342.21072617 -44.540681122 0.58433724 0.47631924 -13.529999 21.681800842285156 22.11190100757139 0.624414 0.0 
3553 342.20689411 -44.550443219 0.261624204 0.24867680399999997 -175.75 21.697099685668945 20.16694938059812 0.253176 0.0 
6792 342.19156437 -44.533370584 0.2092266 0.18635439599999998 -118.26 21.72 18.876942020015846 0.0 93.60787124114536 
9821 342.19280748 -44.514983978 0.61344468 0.302915808 -153.83 21.72 21.895210684019148 0.0 83.87713416731123 
9341 342.21563641 -44.51840676 0.40470516 0.24240470399999997 -127.520004 21.777817925185754 0.0 0.0 0.0 
8046 342.18254037 -44.526898883 0.21620966400000002 0.190526364 -123.259995 21.78 19.061060002087007 0.0 67.18933046781002 
11355 342.17481832 -44.500427012 0.5832061199999999 0.48954060000000005 -13.480003 21.78839407093085 0.0 0.0 0.0 
4160 342.19424595 -44.547160164 0.337503708 0.186980724 -166.06 21.792400360107422 20.867538453079106 0.3345648 0.0 
11053 342.14648506 -44.504536378 0.33452823600000003 0.21372364800000002 -80.05 21.80750704279912 0.0 0.0 0.0 
8414 342.17890389 -44.524738801 0.24510808799999997 0.22744141199999998 -163.54001 21.81 19.951316428517124 0.0 72.62107818362972 
1580 342.17226754 -44.562706169 0.56859588 0.45646416 -150.59 21.868999873549424 0.0 0.0 0.0 
9487 342.18441111 -44.517674709 0.307806912 0.23594292000000003 -140.58 21.88170051574707 21.046305998986327 0.3486372 0.0 
4587 342.18877589 -44.544478657 0.38562408 0.250181316 -128.55 21.883899688720703 21.88610564933469 0.512736 0.0 
6000 342.18933019 -44.536938015 0.314633952 0.264416112 -63.71 21.91 20.74098414964779 0.0 53.36724191638939 
11336 342.18029299 -44.500659337 0.43227936 0.29883031200000004 -109.7 21.930608470429497 0.0 0.0 0.0 
9078 342.20136889 -44.520793786 0.24737605199999999 0.190977984 -154.54001 21.96 19.414870367447374 0.0 63.51433784846101 
4041 342.15573569 -44.545932427 0.5237438400000001 0.46905696 -88.63 21.97869661894796 0.0 0.0 0.0 
11421 342.20093497 -44.499822127 0.7108880399999999 0.40719096 -31.25 21.982193466012937 0.0 0.0 0.0 
9180 342.21220848 -44.520210678 0.22121031600000002 0.19823853600000002 -149.17 22.03860092163086 19.739359540915487 0.17766601 0.0 
8402 342.17380512 -44.524604016 0.277283124 0.252666432 -131.94 22.049699783325195 20.68675494858647 0.27344102 0.0 
2031 342.19118092 -44.556788715 0.7903846800000001 0.5984535599999999 -122.44 22.051713097164207 0.0 0.0 0.0 
6154 342.16823994 -44.536569882 0.169893504 0.16440271199999998 -144.64 22.06999969482422 18.51535309124444 0.09966055 0.0 
7660 342.17449121 -44.529023189 0.17543628 0.15073261200000002 -126.520004 22.06999969482422 18.42486193301 0.095592774 0.0 
5274 342.15465184 -44.539353348 0.48180779999999995 0.37277783999999997 -53.7 22.083467322976723 0.0 0.0 0.0 
10432 342.21061758 -44.510140812 0.48635208 0.220444704 -37.35 22.084573810050774 0.0 0.0 0.0 
5536 342.16044395 -44.538956539 0.352441836 0.164266524 -113.8 22.09 19.995753550305757 0.0 62.624800333723265 
6667 342.18685228 -44.533914405 0.28519066800000004 0.261765648 -107.21 22.09000015258789 21.902432952274435 0.4698283 0.0 
7485 342.19185718 -44.529675958 0.24235146000000002 0.204344064 -149.4 22.110000610351562 19.725769926879234 0.17084666 0.0 
3721 342.18098505 -44.54934941 0.296403804 0.212466816 -125.3 22.110300064086914 21.12721636100608 0.32571357 0.0 
6302 342.22420489 -44.534162898 0.48245363999999996 0.40731407999999997 -87.34 22.134097380580556 0.0 0.0 0.0 
7633 342.2044522 -44.528938787 0.29096006399999996 0.263388384 -7.5599976 22.141399383544922 21.32448440458588 0.3516168 0.0 
4613 342.15513208 -44.544192215 0.328949748 0.23110077599999998 -85.84 22.149900436401367 21.197905991780104 0.33041042 0.0 
1140 342.18007254 -44.567340581 1.05228468 0.47849507999999996 -19.919998 22.151398972859248 0.0 0.0 0.0 
6274 342.20465826 -44.535726699 0.301807368 0.26785638 -47.22 22.15559959411621 21.389490728061272 0.35994062 0.0 
11231 342.21612064 -44.503311636 0.272158416 0.15207368400000001 -41.13 22.165116925670155 0.0 0.0 0.0 
11472 342.23522858 -44.50068746 0.33325423200000004 0.251240436 -21.21 22.177096085608312 0.0 0.0 0.0 
110 342.183069 -44.533126 0.20000000298023224 0.10000000149011612 -155.6 22.18 18.341715268032736 0.08745722019943163 0.0 
9068 342.18418566 -44.520313418 0.43195680000000003 0.277784496 -131.20999 22.18 21.76471402880878 0.0 47.886184700310636 
4245 342.17862333 -44.546568184 0.236930796 0.21190986 -98.9 22.200000762939453 19.709823684271477 0.16271111 0.0 
8638 342.19292975 -44.522078407 0.7238012399999999 0.13679729999999998 -102.63 22.22 21.28861665494164 0.0 149.47977258792312 
9384 342.19368212 -44.518544664 0.25639308000000005 0.215883864 -129.76 22.24 20.40151629736541 0.0 103.49617560430224 
8204 342.18571105 -44.526035946 0.290591568 0.215795952 -172.01001 22.25 20.89604183483946 0.274575 0.0 
4390 342.17442751 -44.546242455 0.306402552 0.126073368 -4.1299973 22.29 19.630556060283816 0.0 130.56036776150475 
2584 342.16144224 -44.55588327 0.5275998 0.248955912 -147.91 22.304659713141913 0.0 0.0 0.0 
5730 342.16272903 -44.538183224 0.40896468 0.272715444 -152.31 22.31999969482422 22.14181251081019 0.4718622 0.0 
5999 342.20411166 -44.537076248 0.279986508 0.26279946 -81.99 22.323999404907227 21.60367531416537 0.3676104 0.0 
7937 342.2001644 -44.527248635 0.340682832 0.199262772 -58.66 22.34 21.327682927396907 0.0 42.89654775351819 
10131 342.20912215 -44.513566621 0.254427264 0.20218435199999998 -2.1100006 22.360300064086914 20.738192634742056 0.2426784 0.0 
6877 342.18810595 -44.532822738 0.281225484 0.2579076 -141.47 22.3700008392334 21.27359170572372 0.30915108 0.0 
4489 342.20332574 -44.545319992 0.40836816 0.20333106 -150.8 22.375099182128906 22.252077270995713 0.4840032 0.0 
6055 342.22911998 -44.535666931 0.35929764000000003 0.32628762 -15.260002 22.38646081845811 0.0 0.0 0.0 
9744 342.22397386 -44.516126239 0.28694433599999997 0.23526230399999998 -140.33 22.39089157171149 0.0 0.0 0.0 
5503 342.17159429 -44.539530423 0.343006272 0.173935188 -38.49 22.399999618530273 20.54129156741814 0.21762611 0.0 
8602 342.19420083 -44.522127277 0.59622732 0.164017188 -84.86 22.459999084472656 21.461357705675113 0.32338834 0.0 
6858 342.1855395 -44.533213952 0.173557008 0.16540776 -136.66 22.5 19.03222379389909 0.103728324 0.0 
7960 342.19821155 -44.527433945 0.28180900799999997 0.25071642 -12.550003 22.5 21.47387128860768 0.31932056 0.0 
9349 342.18903256 -44.519262912 0.43382988 0.167599656 -178.26999 22.52 21.117267175959913 0.0 134.71120027675386 
6959 342.19543407 -44.532481466 0.283120272 0.23683165199999998 -128.87 22.530000686645508 21.43359155313583 0.30915108 0.0 
11782 342.19473673 -44.493412369 0.9934326 0.37376676 -67.42 22.554783671952165 0.0 0.0 0.0 
4678 342.18319543 -44.543868323 0.4056786 0.222847776 -52.89 22.579999923706055 21.789563121152373 0.35593054 0.0 
8560 342.1900172 -44.5241457 0.208302012 0.18161154 -13.470001 22.59000015258789 19.988441040758307 0.15457554 0.0 
7628 342.18107744 -44.529220902 0.22209422399999998 0.169617456 -132.28 22.610000610351562 19.950532191006122 0.15050778 0.0 
6223 342.18574331 -44.534568974 0.55241568 0.40798764 -103.95 22.622641754691493 0.0 0.0 0.0 
11350 342.19070647 -44.501764473 0.42244632 0.22863459600000002 -169.20999 22.651081114863374 0.0 0.0 0.0 
5255 342.21563631 -44.5408272 0.338919948 0.279310536 -15.349998 22.655099868774414 22.679243274789506 0.5179422 0.0 
8059 342.1418673 -44.5259348 0.629 0.324 -25.0 22.717303275620385 0.0 0.0 0.0 
6501 342.19529703 -44.534933392 0.246703392 0.231631092 -100.33 22.719999313354492 21.84091860820207 0.3416933 0.0 
8462 342.14892533 -44.523280476 0.4784004 0.44133768 -142.05 22.730397424748446 0.0 0.0 0.0 
2232 342.20255552 -44.558856009 0.350306532 0.217357236 -88.53 22.749035664463726 0.0 0.0 0.0 
8755 342.21551478 -44.519552357 0.304 0.304 -133.20999 22.759738880425118 0.0 0.0 0.0 
7298 342.18663336 -44.531108118 0.15997445999999999 0.1446948 -85.61 22.780000686645508 19.66512997886513 0.122033335 0.0 
8827 342.16614646 -44.522045441 0.4120884 0.365148 -79.3 22.782400131225586 23.787319794693612 0.813648 0.0 
5739 342.18199374 -44.538587531 0.26777466 0.1734786 -154.18 22.809999465942383 20.991504976156413 0.22169389 0.0 
8378 342.18294353 -44.524945677 0.22150738800000003 0.20198376 -74.53 22.81999969482422 21.417242391154875 0.26847333 0.0 
2605 342.18786603 -44.556139231 0.333563112 0.255524904 -23.54 22.82538956502946 0.0 0.0 0.0 
2199 342.17509763 -44.558667845 0.33372054 0.291712068 -75.69 22.83204985321349 0.0 0.0 0.0 
5638 342.14818081 -44.538322878 0.44351532 0.193253184 -145.03 22.840988811912684 0.0 0.0 0.0 
7614 342.19669532 -44.529118748 0.265994496 0.20429424 -110.46 22.850000381469727 21.51206790017622 0.27660888 0.0 
5051 342.15468034 -44.542121829 0.244399104 0.179018964 -79.06 22.862300872802734 21.526596149267732 0.2768928 0.0 
5368 342.16901876 -44.540356939 0.246784104 0.228166416 -116.93 22.8700008392334 21.759258515999672 0.3071172 0.0 
7460 342.1467799 -44.529170016 0.51327072 0.353249172 -154.5 22.877801907121704 0.0 0.0 0.0 
58 342.185702 -44.53053 0.20000000298023224 0.20000000298023224 -172.4 22.9 21.200000762939453 0.2 0.0 
9254 342.19268774 -44.519800537 0.166899564 0.160748964 -103.979996 22.969999313354492 20.36844020152491 0.15457554 0.0 
4966 342.14145248 -44.542517611 0.295714908 0.257238396 -123.82 22.98052421884534 0.0 0.0 0.0 
2778 342.14905956 -44.555745231 0.19881198 0.156492648 -30.939999 22.980559235187464 0.0 0.0 0.0 
6287 342.17078672 -44.535853618 0.36655092 0.2293614 -25.39 23.030000686645508 22.360232310660255 0.37626943 0.0 
9522 342.18843844 -44.517777242 0.273969324 0.189424188 -52.07 23.059999465942383 21.28098734187535 0.22576167 0.0 
8376 342.2097314 -44.525002156 0.26092137600000004 0.161108316 -64.83 23.066600799560547 21.85800989111838 0.2935854 0.0 
7717 342.17965776 -44.528546811 0.30607110000000004 0.24242202000000002 -161.78 23.06999969482422 22.99240407648553 0.49423498 0.0 
6944 342.14272927 -44.531353954 0.5724162 0.28844013599999996 -50.04 23.07851441921318 0.0 0.0 0.0 
6374 342.15124091 -44.534679195 0.315811188 0.223789284 -98.65 23.145077716282454 0.0 0.0 0.0 
5346 342.18486675 -44.540651004 0.19547766 0.18557172 -110.979996 23.170000076293945 21.39098795222691 0.22576167 0.0 
4921 342.17216654 -44.543146859 0.190525932 0.178657992 -135.42 23.190000534057617 20.88196976306715 0.17694832 0.0 
4274 342.18071835 -44.546593585 0.258798528 0.22818744000000002 -132.95999 23.2362003326416 22.530524523635805 0.37009862 0.0 
8399 342.17725465 -44.525034228 0.23400554399999998 0.22804883999999997 -84.75 23.260000228881836 22.1056817878563 0.30101556 0.0 
10625 342.21278324 -44.508999617 0.36452303999999996 0.341856432 -69.47 23.322666191290093 0.0 0.0 0.0 
8589 342.20123568 -44.52408563 0.221238828 0.17802979200000002 -4.6299973 23.350000381469727 21.36598018389405 0.20542277 0.0 
83 342.185649 -44.53128 0.20000000298023224 0.20000000298023224 -118.9 23.360001 21.200000762939453 0.2 0.0 
8483 342.19710491 -44.524692867 0.252584712 0.139167864 -36.15 23.378400802612305 22.1965600717858 0.2972244 0.0 
7101 342.19461056 -44.532300087 0.12151764 0.11381994000000001 -146.2 23.3799991607666 19.490618498974367 0.08542333 0.0 
10589 342.18763166 -44.510225275 0.282644064 0.192266352 -164.70999 23.413299560546875 22.637235377174797 0.3582942 0.0 
6344 342.17998291 -44.535703059 0.252665784 0.195528492 -128.92 23.420000076293945 22.2061855770716 0.29288 0.0 
8270 342.20489474 -44.525899748 0.21112826399999998 0.19242082800000002 -15.129997 23.459999084472656 22.089896084401623 0.2725411 0.0 
6538 342.19119456 -44.535143556 0.173466288 0.130002552 -121.64 23.49489974975586 21.384842439574932 0.193839 0.0 
8675 342.22488954 -44.523073109 0.292562748 0.26641094400000004 -164.14 23.534214291407924 0.0 0.0 0.0 
5801 342.14984635 -44.537714577 0.304020972 0.287799264 -179.97 23.557986472683726 0.0 0.0 0.0 
8692 342.18915692 -44.523699889 0.150025248 0.144311112 -17.339996 23.59000015258789 20.51102233257979 0.12406722 0.0 
8861 342.22448973 -44.522298558 0.38652983999999996 0.14764543200000002 -157.76001 23.6089269609073 0.0 0.0 0.0 
6090 342.17464528 -44.536947658 0.253872252 0.14715205199999998 -144.95999 23.6299991607666 21.870462237377346 0.22779554 0.0 
4075 342.14415954 -44.547866189 0.303183432 0.16711268399999998 -155.0 23.63602578548443 0.0 0.0 0.0 
10947 342.17631583 -44.505649698 0.50694768 0.336331008 -126.75 23.6781257334571 0.0 0.0 0.0 
8912 342.21146791 -44.521556283 0.298828836 0.25191216 -166.34 23.802210319122345 0.0 0.0 0.0 
7910 342.19792629 -44.527857173 0.211815108 0.14471424 -98.47 23.803300857543945 22.314328314023633 0.25802281 0.0 
9149 342.18667264 -44.520610932 0.224823564 0.1990143 -100.96 23.850000381469727 22.76783044896713 0.31118497 0.0 
7650 342.22808266 -44.528628712 0.312600024 0.233572824 -35.78 23.90590756081879 0.0 0.0 0.0 
2957 342.19276708 -44.554525595 0.192819996 0.139641768 -17.849998 23.941146743693245 0.0 0.0 0.0 
10895 342.15343016 -44.507162899 0.41813387999999996 0.11049026399999999 -147.07 23.97986987984023 0.0 0.0 0.0 
2239 342.19780139 -44.55866876 0.46868652 0.342738396 -125.47 23.981338374910035 0.0 0.0 0.0 
1400 342.17358629 -44.565830432 0.25428132 0.236315736 -41.72 24.16806599330959 0.0 0.0 0.0 
11952 342.18799426 -44.493021849 0.329815116 0.254352492 -101.8 24.243886087330043 0.0 0.0 0.0 
4532 342.15181715 -44.545203439 0.234205452 0.205540488 -2.7399979 24.249160410549912 0.0 0.0 0.0 
11674 342.19781964 -44.497352825 0.40227083999999996 0.312247512 -133.2 24.30503731254785 0.0 0.0 0.0 
2323 342.15701414 -44.559043484 0.15116407199999998 0.13620438 -69.25 24.321046320665843 0.0 0.0 0.0 
11001 342.15248164 -44.50623658 0.185388948 0.141456312 -143.37 24.347375031793643 0.0 0.0 0.0 
8642 342.19326302 -44.524154877 0.16447975199999998 0.12314959199999999 -166.45999 24.3700008392334 21.933443036225878 0.16677888 0.0 
9894 342.22163435 -44.51562278 0.1493226 0.12771774000000002 -102.37 24.392616629559935 0.0 0.0 0.0 
3025 342.15276872 -44.554351083 0.160083468 0.138015828 -145.22 24.404572098586236 0.0 0.0 0.0 
11546 342.18357175 -44.499893537 0.25369974 0.22077730800000003 -113.19 24.419501269321845 0.0 0.0 0.0 
7317 342.13818098 -44.530554038 0.297848376 0.20903529599999998 -102.92 24.44590850135678 0.0 0.0 0.0 
8208 342.18907594 -44.526462547 0.148993488 0.13352094 -98.47 24.459999084472656 21.741034606930405 0.14644 0.0 
10637 342.2080918 -44.509093201 0.36907632 0.210221532 -126.11 24.48215600589045 0.0 0.0 0.0 
11846 342.19988108 -44.495069898 0.308179908 0.275494932 -43.76 24.53211901404568 0.0 0.0 0.0 
7800 342.2141875 -44.528216563 0.268564536 0.233048988 -146.69 24.547615125718718 0.0 0.0 0.0 
2162 342.16752609 -44.559697286 0.48431196 0.146471724 -158.12 24.57883803520019 0.0 0.0 0.0 
9052 342.14437843 -44.520947413 0.248132952 0.21433755599999998 -143.13 24.723345023948553 0.0 0.0 0.0 
6783 342.22372779 -44.53324767 0.35800624799999997 0.292223232 -158.57 24.744533010696237 0.0 0.0 0.0 
5337 342.21766185 -44.540725069 0.24276232800000003 0.147095784 -31.45 24.762129231169222 0.0 0.0 0.0 
11392 342.18151346 -44.501125853 0.322121628 0.138748932 -94.67 24.762987437898314 0.0 0.0 0.0 
5287 342.1440153 -44.541215221 0.178976952 0.09901936800000001 -43.63 24.785433258104607 0.0 0.0 0.0 
9804 342.19018737 -44.516545863 0.209136132 0.076956912 -15.370003 24.84000015258789 21.536186601139352 0.11186389 0.0 
1737 342.20173394 -44.563303748 0.155928456 0.109606284 -86.86 24.951386806790204 0.0 0.0 0.0 
3670 342.14680598 -44.550435555 0.11426526000000001 0.10816606799999999 -124.229996 24.962162160850777 0.0 0.0 0.0 
8576 342.20441433 -44.524613365 0.17363538 0.100119492 -176.41 24.974000930786133 23.21531462639515 0.2278848 0.0 
8206 342.18855381 -44.526732879 0.10988618399999998 0.092701224 -16.11 25.049999237060547 21.054672180072664 0.08135556 0.0 
10877 342.17084527 -44.506823176 0.38955348 0.203819544 -28.25 25.062683312061864 0.0 0.0 0.0 
5779 342.23017977 -44.538321012 0.302891976 0.231468624 -145.22 25.306945171505927 0.0 0.0 0.0 
7913 342.16828937 -44.528364999 0.110484756 0.08624448 -135.65 25.40220069885254 22.069204595220832 0.1103706 0.0 
7917 342.14074975 -44.527572197 0.283560624 0.177149016 -86.25 25.438032818698534 0.0 0.0 0.0 
10244 342.2126948 -44.511588059 0.49601448 0.269702064 -3.7799988 26.04673922877333 0.0 0.0 0.0 
5306 342.17405907 -44.541066502 0.19015084799999998 0.162465336 -109.24 26.06835421873136 0.0 0.0 0.0 
7519 342.18656923 -44.530315616 0.156043584 0.06872778 -39.91 26.364599227905273 24.546434977928314 0.22172761 0.0 
