2544	3.5920316	-30.4057576	18.3087	0.35	17.41
2925	3.5862487	-30.4001636	18.3822	0.164	-66.56
8103	3.5542097	-30.3763112	18.2144	0.135	37.76
8993	3.5417179	-30.3724419	18.3167	0.354	3.14
11190	3.5784633	-30.3568981	18.2873	0.238	-69.89
9483	3.5892489	-30.3690767	17.8874	0.739	-4.87
2829	3.5310247	-30.4072574	18.4014	0.195	19.65
221	3.585996	-30.4354126	18.4266	0.216	53.68
3847	3.5947893	-30.3916512	18.4704	0.348	-59.73
2952	3.529902	-30.4062433	18.5189	0.15	61.31
554	3.5750341	-30.4283356	18.6653	0.582	-13.27
1377	3.622563	-30.4190414	18.6865	0.213	-44.84
2069	3.6124019	-30.4092365	18.7509	0.298	-81.84
2482	3.5796603	-30.4091796	18.755	0.257	-4.15
9135	3.5874337	-30.3712964	18.7621	0.625	-8.99
4647	3.5853808	-30.3942724	18.8291	0.278	33.23
7300	3.5542515	-30.3820727	18.9345	0.35	32.03
7058	3.609536	-30.3821072	18.9418	0.282	-37.28
10244	3.5654383	-30.3655779	18.9508	0.158	-60.0
4434	3.6106571	-30.3956014	18.9813	0.084	87.63
192	3.5830725	-30.4335393	18.9833	0.321	-87.72
3891	3.5876378	-30.3964181	18.9842	0.087	-71.38
11918	3.5771875	-30.3525562	19.1333	0.319	-65.42
10670	3.5651979	-30.3620867	19.1375	0.272	-72.57
9714	3.5865115	-30.3673716	19.1425	0.148	57.73
3225	3.5925074	-30.4046142	19.1611	0.148	38.19
9544	3.6243173	-30.3695391	19.2027	0.17	55.09
6132	3.5663519	-30.388253	19.2632	0.672	-25.76
3253	3.5785044	-30.4033687	19.2792	0.153	13.94
11550	3.6276564	-30.3554653	19.3255	0.234	-27.63
4021	3.5929927	-30.3993259	19.3832	0.757	43.17
8091	3.5750763	-30.3770695	19.3857	0.682	-23.45
4357	3.5748954	-30.398374	19.3873	0.482	-22.22
173	3.5963181	-30.4361753	19.3988	0.24	-18.5
797	3.5734957	-30.4228501	19.4046	0.28	60.08
11705	3.584401	-30.3545111	19.4094	0.314	8.48
2568	3.5248858	-30.4097178	19.4261	0.051	-20.81
733	3.6008278	-30.4267477	19.4441	0.355	68.31
1083	3.5891096	-30.4198092	19.4488	0.441	59.5
6217	3.5701535	-30.3864462	19.4933	0.167	-63.6
5562	3.5892111	-30.3898383	19.4942	0.207	-18.97
6828	3.5932686	-30.384372	19.4968	0.252	37.94
7749	3.6020528	-30.377687	19.5155	0.145	-47.48
4857	3.5881441	-30.3950705	19.5452	0.259	58.82
5984	3.5853089	-30.3875402	19.548	0.698	-57.89
4092	3.5865566	-30.3993783	19.5656	0.362	-72.31
10691	3.5412497	-30.3633625	19.5703	0.298	-6.77
2399	3.5739384	-30.4088214	19.5739	0.618	-40.75
6278	3.5891786	-30.3873908	19.6638	0.225	-79.73
2328	3.5394899	-30.4113022	19.673	0.218	70.43
6181	3.5563306	-30.3870111	19.7327	0.407	55.99
11361	3.576135	-30.3589813	19.7399	0.219	-22.36
9914	3.630002	-30.3681622	19.7518	0.068	-20.36
4768	3.5886749	-30.3960754	19.7793	0.463	76.74
2485	3.5570811	-30.4107661	19.7949	0.039	11.14
3988	3.5989607	-30.397531	19.8239	0.168	69.9
4212	3.5821522	-30.3985666	19.8249	0.191	16.34
9933	3.5856263	-30.3669001	19.83	0.394	-67.5
12590	3.5799415	-30.3456802	19.832	0.155	-73.16
5129	3.585198	-30.3946448	19.8329	0.131	17.17
10085	3.6066624	-30.3669686	19.836	0.345	-13.52
3344	3.6070053	-30.4034717	19.8707	0.271	-31.49
5791	3.5809477	-30.3908031	19.8714	0.409	-29.16
6533	3.6054231	-30.3848402	19.8783	0.588	29.48
3677	3.5625032	-30.4023977	19.9099	0.347	54.16
4180	3.6043356	-30.4001202	19.91	0.506	-7.37
6498	3.5655377	-30.3870844	19.916	0.345	40.07
4478	3.5883792	-30.3983508	19.9347	0.163	21.77
3443	3.5879306	-30.4008457	20.0102	0.698	-17.27
9656	3.5766118	-30.3687623	20.0152	0.237	83.43
8752	3.5605574	-30.3752335	20.0159	0.265	36.23
5609	3.5714983	-30.3904293	20.0242	0.071	60.23
1625	3.6026415	-30.4169517	20.0404	0.052	35.85
2764	3.5640085	-30.4062605	20.0439	0.263	-82.55
952	3.5713579	-30.4228304	20.0649	0.227	-70.16
3235	3.6318647	-30.4054164	20.0875	0.22	41.69
1912	3.6042761	-30.4145488	20.0916	0.517	29.87
3399	3.6180464	-30.4036633	20.0968	0.238	-53.31
6504	3.588141	-30.3850005	20.1354	0.583	-72.23
5918	3.5903366	-30.3909337	20.1385	0.251	31.45
6014	3.594703	-30.3891117	20.1496	0.093	-9.52
10378	3.5571874	-30.3651859	20.1693	0.331	48.76
8239	3.5815618	-30.3765154	20.1876	0.156	62.3
9577	3.5332048	-30.3700688	20.2047	0.264	-43.6
1568	3.580703	-30.4188673	20.2057	0.616	12.29
11343	3.5682899	-30.3584428	20.2114	0.256	-84.09
12961	3.573355	-30.3391144	20.2281	0.334	39.86
6908	3.6151381	-30.3837258	20.2334	0.352	-85.55
8884	3.567497	-30.3735735	20.2439	0.205	-42.11
7353	3.5953901	-30.3803996	20.2603	0.381	-71.41
5065	3.6187001	-30.3929241	20.2633	0.523	-19.39
1855	3.6013471	-30.4153589	20.2633	0.347	-36.77
7250	3.5653442	-30.382942	20.2649	0.268	-19.1
880	3.6130905	-30.4256487	20.2713	0.053	6.6
860	3.593556	-30.4260404	20.2747	0.579	-13.16
4492	3.5788644	-30.397091	20.2852	0.332	71.62
12690	3.5698013	-30.3441637	20.2964	0.184	-60.99
6093	3.6131783	-30.3896957	20.2975	0.377	-57.88
9251	3.5385646	-30.3723158	20.3132	0.101	-26.8
5625	3.5456847	-30.3918954	20.3136	0.291	87.48
8639	3.5470537	-30.3761282	20.3151	0.024	-75.19
2413	3.5590324	-30.4106514	20.3306	0.653	77.13
9102	3.5806944	-30.3713893	20.3373	0.344	64.02
4056	3.6052582	-30.4008029	20.3586	0.312	17.49
2986	3.5959073	-30.4062145	20.3737	0.185	-71.26
1537	3.6009526	-30.4178386	20.3865	0.602	-54.43
6746	3.5837099	-30.3846777	20.4225	0.1	49.78
7981	3.6095739	-30.3787634	20.4234	0.254	-9.34
1052	3.5524832	-30.4232999	20.4384	0.237	-74.53
8317	3.553711	-30.3779817	20.4469	0.079	4.63
7006	3.555379	-30.3846263	20.4483	0.075	-77.28
5261	3.5813841	-30.3939268	20.4747	0.41	38.78
9381	3.5639764	-30.3718788	20.4932	0.296	-9.98
10797	3.5852677	-30.3624793	20.5103	0.079	40.06
8792	3.5875372	-30.373942	20.5165	0.474	-86.51
6832	3.5925418	-30.3853103	20.5231	0.32	86.09
1305	3.5648881	-30.4213006	20.5247	0.243	-8.12
8287	3.5571414	-30.37786	20.525	0.114	37.91
2642	3.5891263	-30.4095669	20.5415	0.52	38.21
3611	3.6166725	-30.4027066	20.5417	0.218	64.83
8932	3.5534141	-30.3745036	20.5485	0.036	57.98
394	3.5911681	-30.4336857	20.5563	0.38	70.22
73	3.6120279	-30.4455797	20.563	0.114	26.02
426	3.5832776	-30.4322896	20.5637	0.121	83.44
4954	3.5789419	-30.3941131	20.579	0.283	88.01
6354	3.5987595	-30.3880143	20.5849	0.386	-39.84
3008	3.5917137	-30.4078009	20.5906	0.37	30.99
2243	3.569582	-30.4121555	20.608	0.622	40.05
3108	3.6280841	-30.4078796	20.6119	0.181	51.29
7950	3.5607276	-30.3791801	20.6127	0.399	-58.03
265	3.563457	-30.4366101	20.6529	0.036	73.47
5633	3.5543456	-30.3917945	20.6558	0.207	-8.1
11418	3.5794062	-30.3583765	20.6643	0.361	-84.39
2495	3.5888103	-30.4107183	20.6855	0.075	1.41
2921	3.5623124	-30.4072215	20.6885	0.285	87.29
8279	3.567295	-30.3773587	20.7144	0.109	14.56
9317	3.5408864	-30.3723779	20.7196	0.082	-78.85
1160	3.6289597	-30.4231336	20.7303	0.185	47.35
5499	3.5849808	-30.3928716	20.7355	0.521	49.86
10674	3.5509397	-30.3636335	20.747	0.236	-89.86
4161	3.5839853	-30.3992541	20.7478	0.81	-16.23
4213	3.5944564	-30.4003455	20.7483	0.164	-41.18
9879	3.619283	-30.3688288	20.7509	0.212	64.19
7000	3.5693308	-30.3842546	20.7539	0.357	54.96
1183	3.6050528	-30.4198327	20.7631	0.091	-7.92
7220	3.5902731	-30.382695	20.7831	0.449	-77.36
7973	3.5734463	-30.3779268	20.7868	0.379	-50.57
6297	3.5955015	-30.3886821	20.7877	0.383	46.23
783	3.6363311	-30.4271938	20.8017	0.169	-63.3
10547	3.5929665	-30.3645067	20.8037	0.342	-8.37
6110	3.5942336	-30.3904565	20.8053	0.236	-0.46
9793	3.6207164	-30.3695563	20.8053	0.12	-29.16
3214	3.5978505	-30.4055511	20.8296	0.305	43.33
2751	3.6151489	-30.4084317	20.8442	0.09	-46.03
5666	3.5803662	-30.3921992	20.8559	0.489	-35.6
2974	3.5480808	-30.4084787	20.8743	0.084	32.2
1827	3.5330795	-30.4171839	20.8762	0.316	-2.55
3787	3.6151065	-30.4019337	20.88	0.12	62.05
12954	3.5737265	-30.3391899	20.883	0.323	-86.11
3301	3.5870333	-30.4049424	20.9074	0.203	80.16
801	3.5516651	-30.4270634	20.9261	0.11	-8.94
1415	3.5965553	-30.4198232	20.9436	0.169	-85.75
7898	3.576993	-30.3794758	20.9632	0.117	-28.64
11233	3.5792087	-30.3600009	20.9902	0.355	0.23
3202	3.6067974	-30.4055992	21.0021	0.261	-87.97
7262	3.5880343	-30.3825539	21.007	0.43	88.44
11174	3.6138033	-30.3596322	21.0123	0.263	-33.11
6747	3.5737311	-30.3859706	21.0138	0.334	-62.56
4695	3.5855132	-30.3971491	21.0165	0.056	34.7
11216	3.5725198	-30.3599624	21.0455	0.198	6.34
2651	3.5824994	-30.4099791	21.0629	0.062	-71.49
7479	3.5708572	-30.3819987	21.0665	0.317	-52.39
10663	3.5447702	-30.3636801	21.0748	0.28	-53.26
120	3.564925	-30.4431121	21.0894	0.279	-59.12
262	3.5655064	-30.437439	21.0952	0.279	44.07
9176	3.5378021	-30.3733467	21.1084	0.233	-19.35
6615	3.5783413	-30.3870972	21.1214	0.189	34.65
6276	3.5507288	-30.3889321	21.1585	0.254	-66.34
9694	3.6040934	-30.3689034	21.1607	0.14	-46.71
6932	3.5688681	-30.3853113	21.1634	0.08	-8.77
2095	3.6083897	-30.4135212	21.1719	0.19	31.08
5025	3.5476197	-30.3953017	21.1725	0.215	-75.12
4961	3.6008236	-30.3948915	21.1779	0.431	81.51
11641	3.5774821	-30.3570932	21.1859	0.034	-88.81
3717	3.6052688	-30.402928	21.1912	0.016	-2.3
11009	3.5410467	-30.3609768	21.1974	0.157	-26.01
1832	3.612394	-30.4172035	21.2014	0.28	7.83
1240	3.5904886	-30.419996	21.2081	0.332	-85.71
6713	3.5733745	-30.3863111	21.2149	0.207	38.1
9797	3.5502308	-30.3696501	21.2229	0.205	82.09
9767	3.540459	-30.3698476	21.229	0.29	-53.57
1148	3.5837776	-30.4219695	21.2454	0.212	80.86
1022	3.5884551	-30.4232036	21.2476	0.222	64.26
6309	3.5895214	-30.389481	21.2782	0.187	-17.61
7850	3.5976289	-30.3791981	21.2947	0.352	-59.82
10722	3.5993221	-30.3630653	21.3135	0.28	-14.59
2008	3.585702	-30.4139676	21.3399	0.254	63.3
12342	3.5835671	-30.3500105	21.3423	0.073	17.01
10421	3.5842377	-30.3647184	21.3477	0.231	52.94
10267	3.5800524	-30.3662391	21.3498	0.137	31.36
1067	3.6282149	-30.4238094	21.3509	0.078	-80.87
6096	3.5600665	-30.3893362	21.3531	0.713	33.89
248	3.5743397	-30.4376771	21.3721	0.371	76.37
8422	3.6301669	-30.3775686	21.3734	0.289	88.88
11409	3.5666724	-30.358444	21.3955	0.18	-71.36
4381	3.5785854	-30.3991026	21.3998	0.241	-75.12
3696	3.5850295	-30.4033079	21.4107	0.292	73.78
12049	3.5990116	-30.351998	21.4118	0.13	14.56
7037	3.6043965	-30.3849566	21.4123	0.219	-25.54
8732	3.5872381	-30.3745494	21.4148	0.046	72.52
378	3.5783808	-30.4334626	21.4149	0.17	-35.3
2360	3.6108241	-30.4119864	21.422	0.297	-26.74
4527	3.5532024	-30.3987451	21.4372	0.149	37.82
3486	3.5310505	-30.4050661	21.4423	0.277	-89.89
12296	3.5692471	-30.3502563	21.4505	0.327	51.67
2515	3.6073284	-30.4113993	21.4519	0.093	-38.43
1311	3.5991799	-30.4206694	21.4728	0.218	-5.7
11515	3.5727785	-30.3575777	21.4904	0.251	57.48
2029	3.550985	-30.4154141	21.497	0.197	-12.27
2846	3.5951172	-30.4093611	21.527	0.088	-88.26
3721	3.5843695	-30.402881	21.6194	0.188	14.05
8324	3.5268429	-30.378601	21.6465	0.376	10.07
1446	3.586525	-30.4195099	21.6615	0.33	-66.76
1778	3.6034179	-30.4167624	21.7011	0.252	-24.8
5976	3.5938771	-30.3908356	21.7077	0.339	-85.08
10505	3.529322	-30.3648337	21.7172	0.341	-69.61
288	3.5835735	-30.4368856	21.7263	0.285	50.93
4831	3.602194	-30.3969842	21.7319	0.175	38.0
688	3.5889511	-30.4287194	21.7386	0.289	5.79
1697	3.5775187	-30.4173494	21.7391	0.24	61.56
8647	3.5486652	-30.376445	21.7438	0.355	41.62
7853	3.6407064	-30.3805932	21.7453	0.347	-89.31
3944	3.5881383	-30.4019735	21.7639	0.167	67.6
9501	3.5408336	-30.3714792	21.7664	0.372	73.61
9124	3.5382331	-30.3737234	21.7666	0.324	-37.47
10301	3.5837673	-30.3651484	21.7697	0.388	-65.35
5457	3.5660004	-30.3939176	21.7859	0.334	24.26
7647	3.5784657	-30.3813139	21.7931	0.283	21.75
10865	3.5742726	-30.3629423	21.7949	0.343	-74.28
9648	3.5903434	-30.370037	21.8157	0.164	-10.94
2531	3.5636805	-30.4110552	21.8207	0.16	33.07
6015	3.593185	-30.3903561	21.8221	0.301	-27.06
9668	3.5575215	-30.3708856	21.8311	0.36	10.89
811	3.5467574	-30.4274566	21.832	0.29	45.19
7410	3.5647588	-30.3825875	21.8322	0.166	-22.56
11498	3.5513977	-30.3582163	21.8351	0.057	-12.65
3170	3.5902722	-30.4073952	21.8361	0.039	-2.43
10146	3.5549356	-30.3677866	21.8451	0.21	22.32
4724	3.6026722	-30.3975778	21.8622	0.339	-16.72
6211	3.5783413	-30.3894577	21.8871	0.066	55.87
10333	3.5840737	-30.3656794	21.9118	0.221	-39.53
4274	3.5728044	-30.4005275	21.9243	0.123	74.56
10161	3.5382674	-30.3676444	21.9269	0.074	-39.7
83	3.6082057	-30.4451655	21.9462	0.309	47.3
4342	3.5790681	-30.4000832	21.963	0.453	5.66
10815	3.5438986	-30.3635386	21.9876	0.259	-18.95
11081	3.5741947	-30.3613859	21.9933	0.126	-81.46
9778	3.5427467	-30.3703513	22.0106	0.087	52.25
8036	3.5775392	-30.3788662	22.0196	0.263	-82.93
10738	3.5682433	-30.3640609	22.0631	0.285	27.21
3871	3.5948248	-30.4021248	22.0733	0.07	18.03
6334	3.5962519	-30.3885129	22.1077	0.02	-1.14
8536	3.5454957	-30.3768927	22.121	0.286	53.82
3649	3.5879639	-30.4042465	22.1215	0.098	11.43
9886	3.582254	-30.3689162	22.14	0.31	37.24
3019	3.5733969	-30.4074523	22.1672	0.128	72.9
4198	3.5967516	-30.4005044	22.1782	0.141	70.01
8696	3.5386501	-30.3763165	22.1842	0.228	44.61
8389	3.5718909	-30.3773947	22.1886	0.195	-34.47
11684	3.602227	-30.3566952	22.2151	0.123	-4.59
4386	3.582904	-30.3996977	22.2187	0.561	17.6
2033	3.6124656	-30.4144587	22.233	0.187	35.9
2486	3.5508227	-30.4123967	22.2384	0.207	-45.38
7590	3.5596612	-30.382095	22.263	0.11	43.15
1989	3.6334559	-30.4155312	22.2697	0.119	57.98
2834	3.5838226	-30.4094984	22.2842	0.455	-14.63
2681	3.5897144	-30.4102178	22.2949	0.079	59.42
10330	3.5312744	-30.3666669	22.3002	0.106	-77.72
8175	3.5751371	-30.3785196	22.3104	0.155	0.56
3408	3.6265233	-30.4048051	22.3173	0.197	-69.72
12600	3.5788114	-30.346525	22.3194	0.124	56.98
1771	3.5849121	-30.4168398	22.3386	0.09	82.71
6486	3.571058	-30.3881549	22.3695	0.057	6.17
552	3.6207689	-30.4312485	22.3812	0.118	-53.18
8913	3.5464616	-30.3750277	22.3985	0.019	43.89
4939	3.5928669	-30.3963508	22.4142	0.153	60.56
11383	3.5756038	-30.3593945	22.4382	0.292	64.61
239	3.5548473	-30.4387217	22.4694	0.166	37.03
4631	3.5534146	-30.3954133	22.4711	0.343	13.78
11140	3.5808912	-30.3608702	22.4902	0.06	-53.49
1246	3.5541948	-30.4223203	22.4911	0.065	-23.1
3027	3.6231529	-30.4077688	22.4996	0.399	81.59
388	3.5725106	-30.4347821	22.5002	0.36	37.99
10203	3.5543038	-30.3673637	22.5052	0.325	-56.4
3800	3.5884925	-30.4020954	22.5148	0.103	-88.95
8029	3.5515518	-30.3803267	22.5667	0.252	29.82
6215	3.5613705	-30.3893248	22.5687	0.111	48.52
5899	3.5843691	-30.3917483	22.5815	0.1	-10.18
957	3.5928196	-30.4253065	22.5897	0.234	-19.71
10322	3.53305	-30.3666985	22.6091	0.051	72.62
568	3.6111472	-30.4311433	22.6115	0.168	29.9
7048	3.5736863	-30.3856763	22.6303	0.134	-60.5
8828	3.5391367	-30.3755536	22.6314	0.23	-81.05
10243	3.5307209	-30.3674584	22.6328	0.162	-30.82
4622	3.5844523	-30.3983366	22.6403	0.252	80.77
8829	3.551541	-30.3758183	22.6498	0.111	54.27
6689	3.5624302	-30.3873506	22.6511	0.297	-14.84
5878	3.5509907	-30.3916376	22.6542	0.112	46.24
4866	3.6148893	-30.3971128	22.6544	0.313	58.24
1985	3.5524895	-30.4157624	22.6558	0.111	65.55
602	3.6048278	-30.4307778	22.6704	0.343	-2.57
650	3.5756729	-30.4297778	22.684	0.387	-7.81
6639	3.5934723	-30.3875913	22.7023	0.135	-25.94
9535	3.5818989	-30.3707879	22.7292	0.172	-83.87
10504	3.5726515	-30.3657079	22.74	0.323	-39.51
3833	3.5603269	-30.4033108	22.7554	0.369	17.63
4054	3.6212412	-30.4013049	22.7661	0.367	-64.86
3016	3.6232426	-30.4082211	22.7678	0.33	13.18
5058	3.6255408	-30.3954751	22.7688	0.129	75.77
4972	3.5833058	-30.3965353	22.7768	0.104	24.04
2757	3.5937322	-30.4092166	22.7831	0.46	62.2
8432	3.6109484	-30.3775365	22.786	0.182	57.77
5817	3.5678333	-30.3919492	22.7884	0.328	62.83
10030	3.5806354	-30.3682552	22.8009	0.088	7.51
10487	3.5387343	-30.3657042	22.8516	0.22	58.76
10961	3.5424977	-30.3627042	22.8671	0.004	9.25
4624	3.6018509	-30.3986593	22.8725	0.407	-18.67
10685	3.5774097	-30.3646486	22.876	0.304	-7.61
3442	3.6012374	-30.4048797	22.8797	0.064	14.97
12825	3.5704892	-30.3426539	22.8869	0.233	-72.38
2723	3.5974583	-30.4100112	22.8973	0.26	-87.25
6492	3.6081295	-30.3870985	22.9247	0.575	47.66
4856	3.5486962	-30.3972603	22.9334	0.156	-16.26
10679	3.552428	-30.3645503	22.9495	0.301	76.81
10546	3.5704704	-30.3652956	22.9512	0.357	84.21
3568	3.6166879	-30.4046517	22.958	0.084	40.03
11072	3.5970601	-30.3611972	22.9624	0.246	-26.98
4226	3.5673556	-30.4008682	22.9646	0.097	-48.27
2624	3.536225	-30.4115484	22.9691	0.381	-29.87
12250	3.5815778	-30.3513075	22.9714	0.368	15.76
5098	3.5972892	-30.3960421	22.9751	0.134	2.03
12089	3.5868274	-30.353237	22.993	0.061	51.37
920	3.5810935	-30.4258419	22.9956	0.221	-29.02
12102	3.5735054	-30.3530203	22.9967	0.197	-22.95
7222	3.578725	-30.3842181	23.0454	0.167	65.48
4566	3.6038253	-30.3991186	23.0557	0.234	-61.83
7428	3.5930161	-30.3829642	23.0879	0.202	54.85
3387	3.5946646	-30.4058921	23.0921	0.116	23.25
3759	3.5747684	-30.4036643	23.1046	0.531	7.49
6511	3.5730101	-30.387252	23.1275	0.385	44.98
4392	3.5934082	-30.4000225	23.1488	0.237	71.4
8094	3.5943661	-30.3786623	23.1947	0.317	-75.82
2318	3.5920902	-30.4131049	23.2146	0.379	-11.67
2997	3.5859348	-30.4084279	23.2237	0.213	-17.39
4097	3.5888275	-30.4017172	23.2595	0.354	74.71
4245	3.581603	-30.3990968	23.2597	0.245	40.86
5286	3.5690427	-30.3949584	23.2703	0.253	35.23
7005	3.598745	-30.3844544	23.2775	0.046	-4.34
4440	3.5957447	-30.3999653	23.3024	0.033	-64.99
5053	3.5720788	-30.3959687	23.322	0.222	33.22
6095	3.5849893	-30.390866	23.3262	0.009	-43.79
5378	3.5699688	-30.3946301	23.3389	0.334	-16.56
5123	3.5844666	-30.3960494	23.3742	0.031	23.44
6779	3.591215	-30.3867131	23.4051	0.197	63.27
7160	3.5868289	-30.3846221	23.4161	0.067	-76.41
4677	3.5839259	-30.3985884	23.4651	0.431	-23.59
7032	3.5898217	-30.3856348	23.55	0.099	73.66
2987	3.5775482	-30.4081903	23.594	0.083	7.71
2849	3.6008028	-30.4095259	23.6106	0.066	-6.22
2976	3.5671534	-30.4087453	23.6151	0.085	-41.9
3561	3.5981633	-30.4048226	23.6226	0.226	-17.92
4310	3.5847213	-30.3998178	23.6404	0.188	-19.79
5644	3.6051536	-30.392601	23.6589	0.413	50.08
3617	3.5894253	-30.4042243	23.7256	0.308	-78.32
7907	3.5702834	-30.3807574	23.7312	0.221	-50.16
2305	3.5888704	-30.4133383	23.7327	0.108	-58.93
8520	3.5736996	-30.3768008	23.7529	0.043	-27.04
6454	3.5840706	-30.3889014	23.7816	0.607	22.33
2412	3.5850888	-30.4122963	23.8065	0.422	-56.28
7227	3.5775153	-30.3848073	23.8123	0.081	-32.34
5868	3.6079825	-30.3907231	23.8308	0.242	-44.6
6229	3.5773036	-30.3902916	23.8559	0.585	-14.34
7638	3.5936302	-30.3820972	23.8945	0.277	-88.91
5375	3.5798644	-30.3943852	23.8981	0.146	21.7
3846	3.5964379	-30.4032694	23.9161	0.296	10.89
2664	3.5908817	-30.4108869	23.921	0.027	-46.33
5590	3.5726629	-30.3936271	23.9394	0.335	48.81
5855	3.5901021	-30.3915783	23.9823	0.514	-83.03
6669	3.5736056	-30.3871917	24.0096	0.519	58.07
4932	3.6071798	-30.3972278	24.0216	0.188	41.44
7548	3.6013154	-30.382498	24.0249	0.365	-59.28
6223	3.6059221	-30.3901638	24.0339	0.046	15.52
3218	3.5864748	-30.4069988	24.0938	0.13	-51.74
2520	3.5667157	-30.4119848	24.0994	0.245	23.66
7478	3.5986547	-30.3830976	24.1029	0.356	-88.17
3176	3.5815986	-30.4074294	24.1339	0.413	62.01
8134	3.571672	-30.3797001	24.1508	0.145	2.11
3377	3.5885097	-30.4063101	24.1714	0.152	28.91
2830	3.5955098	-30.4096755	24.184	0.327	61.07
2132	3.5767371	-30.414622	24.2012	0.193	33.56
7522	3.5708235	-30.3829282	24.2038	0.24	-60.23
6041	3.6050367	-30.3916667	24.2089	0.238	4.43
2995	3.582847	-30.4088345	24.2262	0.249	10.56
6127	3.5818861	-30.3904668	24.2322	0.209	-60.43
2079	3.5806046	-30.4140932	24.2388	0.344	-88.92
5460	3.5796266	-30.3940831	24.2406	0.321	-61.84
3526	3.5885002	-30.4042032	24.2576	0.267	-5.34
4421	3.56948	-30.3999497	24.3774	0.423	-88.77
8105	3.5788538	-30.379428	24.3868	0.126	40.83
4401	3.5977186	-30.400596	24.3923	0.283	-3.81
2492	3.5924903	-30.412094	24.4238	0.179	-48.67
4943	3.5748623	-30.3971767	24.4297	0.08	43.22
7980	3.5757902	-30.3804021	24.4434	0.166	38.25
3429	3.5780863	-30.4057338	24.4457	0.402	61.13
5214	3.597214	-30.3955259	24.4587	0.012	48.62
4106	3.5684072	-30.4020171	24.5074	0.378	-14.0
2293	3.5756515	-30.4134859	24.5333	0.052	-43.4
4071	3.5971542	-30.402241	24.8449	0.312	79.8
4813	3.5848362	-30.3984642	27.6035	0.135	-54.9
2508	3.5897841	-30.4358632		0.7	69.12
3223	3.5923832	-30.4305633		0.38	-21.64
3668	3.5954694	-30.4254727		0.739	61.24
4193	3.5634583	-30.4214669		0.164	-68.58
4362	3.606882	-30.4178492		0.15	-13.82
4396	3.6058136	-30.4195095		0.706	63.89
4428	3.566881	-30.4197925		0.557	46.95
4579	3.6058758	-30.4178041		0.689	-5.18
5183	3.5567902	-30.4126402		0.642	70.06
5482	3.5583935	-30.4121582		0.686	11.61
5954	3.5625002	-30.4079227		0.617	-52.16
5959	3.5509175	-30.4085243		0.464	-50.37
6644	3.5757382	-30.4053533		0.631	3.0
8137	3.5469225	-30.3986069		0.407	-55.99
8633	3.5485258	-30.3956249		0.641	81.82
9248	3.5479232	-30.392821		0.542	-4.74
9352	3.6375896	-30.3944318		0.517	-4.42
9399	3.545738	-30.3932668		0.532	57.19
9632	3.5373171	-30.3927772		0.423	-59.02
9768	3.5636643	-30.3917452		0.033	40.57
10016	3.6000458	-30.3897175		0.742	13.81
10392	3.5382942	-30.3860178		0.731	51.53
10479	3.5298526	-30.3893617		0.284	-18.88
10603	3.5369177	-30.3879617		0.173	-18.42
10709	3.531996	-30.3872997		0.528	70.17
10776	3.5348036	-30.3867884		0.503	-81.74
10854	3.5403327	-30.3867522		0.327	49.06
11173	3.5638869	-30.3845312		0.518	-76.34
11409	3.5743793	-30.3836243		0.311	-9.43
11587	3.564083	-30.3842592		0.559	5.08
11647	3.6248198	-30.3826322		0.584	63.61
12210	3.5299607	-30.3803402		0.126	19.7
12243	3.5284983	-30.3806019		0.057	-42.94
12412	3.5306288	-30.3806001		0.407	19.81
12527	3.530565	-30.3797648		0.511	-12.8
12531	3.5171538	-30.3800371		0.119	5.22
12548	3.5599057	-30.3777794		0.294	-50.36
12689	3.5163517	-30.3787857		0.622	83.5
12815	3.5395562	-30.3782517		0.669	-16.41
12882	3.5547865	-30.3783998		0.363	-51.58
12902	3.5291986	-30.3777319		0.593	22.95
13106	3.5159644	-30.3780912		0.723	14.32
13154	3.5365632	-30.3777045		0.49	-48.33
13165	3.5706566	-30.3769752		0.695	-43.79
13299	3.5209774	-30.37737		0.285	47.62
13764	3.5222053	-30.3729891		0.307	76.47
13949	3.5556631	-30.3713369		0.658	-88.45
14017	3.5243046	-30.3743032		0.468	52.17
14041	3.6019174	-30.3748509		0.515	37.78
14060	3.5392295	-30.374803		0.474	-74.63
14229	3.5152363	-30.3734407		0.666	10.36
14441	3.6157127	-30.3729761		0.626	86.44
14557	3.50944	-30.3733476		0.281	59.36
14596	3.5623947	-30.3716163		0.309	-33.62
14666	3.6305733	-30.3726719		0.531	-5.25
14910	3.613498	-30.3705494		0.432	-77.06
15191	3.5527765	-30.3719241		0.101	-11.93
15205	3.5385162	-30.3711367		0.488	-86.56
15356	3.5223274	-30.3700528		0.312	11.4
15685	3.5886315	-30.3700154		0.364	-84.2
15802	3.5581899	-30.3698399		0.672	-29.47
15826	3.6249132	-30.3698892		0.472	62.27
15898	3.5611016	-30.3699872		0.346	-23.45
15968	3.6233416	-30.3691341		0.366	73.57
16672	3.5331259	-30.3654371		0.761	-86.69
16697	3.5631539	-30.3675977		0.349	50.71
16822	3.5711171	-30.3660478		0.139	81.01
16928	3.5273774	-30.3664156		0.522	33.85
16968	3.583167	-30.3667134		0.595	-37.37
17024	3.5755323	-30.3637012		0.626	75.3
17125	3.5331067	-30.3640938		0.382	74.62
17440	3.5609603	-30.3634998		0.831	-19.38
17482	3.5462415	-30.3649361		0.262	35.07
17578	3.5358159	-30.3638744		0.127	51.49
18092	3.5700023	-30.3625202		0.46	53.08
18111	3.5216261	-30.362778		0.126	51.01
18142	3.5253389	-30.3629409		0.448	42.6
18315	3.5365079	-30.3614359		0.214	-11.82
18596	3.5312435	-30.3607812		0.491	-21.77
18685	3.5649169	-30.3601007		0.877	45.23
18726	3.5321675	-30.3603863		0.516	0.66
18886	3.5805964	-30.3597582		0.502	36.07
18964	3.5649632	-30.3589965		0.694	-41.66
18984	3.5699255	-30.3597219		0.497	21.58
19044	3.5318	-30.3598585		0.501	-0.08
19073	3.5746592	-30.359019		0.599	8.95
19110	3.5395036	-30.3597977		0.455	-45.83
19222	3.578211	-30.3593533		0.666	41.33
19604	3.5592414	-30.3584719		0.141	64.96
19733	3.5446109	-30.3574436		0.366	69.3
19741	3.5269638	-30.3568716		0.529	26.8
19806	3.5729889	-30.3539067		0.666	85.85
20153	3.5601911	-30.3541414		0.465	-33.86
20251	3.5485901	-30.3561095		0.815	6.04
20260	3.563421	-30.3522646		0.78	34.25
20303	3.5534296	-30.3560701		0.004	54.77
20576	3.5333077	-30.3549815		0.263	63.19
20797	3.5349428	-30.3545055		0.183	-31.43
20847	3.5310931	-30.3539527		0.463	-62.21
20904	3.5270169	-30.3533367		0.218	57.48
20954	3.5975729	-30.353995		0.75	-0.7
21015	3.5516371	-30.353521		0.48	-18.8
21067	3.5960398	-30.352631		0.133	-47.38
21068	3.5813293	-30.3534104		0.534	-42.15
21157	3.5961047	-30.353324		0.106	35.07
21214	3.5951567	-30.3532648		0.227	17.23
21297	3.59118	-30.353195		0.745	8.68
21310	3.531222	-30.3525847		0.164	-88.77
21383	3.5513663	-30.3522658		0.072	8.5
21615	3.559234	-30.3491922		0.765	51.82
21837	3.5923313	-30.3478638		0.534	78.72
21845	3.5912351	-30.3507353		0.206	-31.53
22047	3.5963676	-30.3483205		0.381	-40.93
22172	3.5611916	-30.3493864		0.522	-68.25
22828	3.5867462	-30.3448749		0.589	50.59
22974	3.5947541	-30.3461625		0.425	-57.2
23504	3.5617722	-30.3443927		0.327	-84.23
23551	3.5655335	-30.341421		0.748	85.99
24380	3.5834433	-30.3401666		0.312	24.68
24389	3.5795558	-30.3412788		0.46	-2.06
24903	3.5626351	-30.3385618		0.033	-23.27
25011	3.5795011	-30.3381302		0.282	-33.04
25301	3.5601191	-30.3357918		0.314	0.23
25309	3.5899182	-30.3368995		0.702	-23.07
25449	3.5773606	-30.3348176		0.44	-29.61
25524	3.5556488	-30.3332717		0.468	45.91
25651	3.5831267	-30.3339801		0.821	-27.05
26372	3.57387	-30.3300941		0.529	86.81
26543	3.5819533	-30.3296013		0.64	81.02
27250	3.5719972	-30.3261288		0.524	-72.03
27615	3.5608447	-30.3255404		0.36	-22.13
27703	3.5800501	-30.3249754		0.333	-23.84
28321	3.5742703	-30.3209775		0.356	81.42
